910
502 290
144 107
903 172
436 756
80 197
73 68
329 854
425 291
469 379
31 84
183 247
490 461
66 69
535 527
126 18
619 279
171 144
396 813
476 642
533 520
267 62
55 83
127 163
67 8
752 632
5 128
126 472
815 271
392 46
400 806
569 857
107 198
811 255
864 382
136 282
103 373
443 833
460 765
164 66
139 213
501 623
626 428
154 181
220 262
624 103
367 331
368 207
516 551
1 273
748 508
324 238
114 426
461 181
540 466
17 156
576 238
885 740
485 307
31 43
513 169
863 858
463 133
767 58
26 49
644 607
722 428
110 123
62 3
646 731
126 846
307 131
580 471
44 87
860 909
16 418
604 77
2 738
20 534
381 648
290 48
474 192
320 219
264 333
668 230
281 87
97 219
542 198
516 329
364 254
54 127
347 5
631 121
464 700
33 26
709 409
796 257
81 29
655 274
601 154
62 382
488 508
797 505
297 691
896 905
102 41
598 667
460 293
357 780
65 895
413 89
371 409
180 118
563 527
303 400
858 880
412 277
651 308
9 4
58 566
616 544
491 480
19 345
188 72
457 169
194 361
435 550
826 614
113 862
658 803
97 170
190 171
531 383
162 477
57 43
13 3
673 107
55 37
830 446
29 59
373 524
611 517
303 67
411 896
211 639
485 902
65 32
417 130
498 50
207 462
196 243
361 609
647 501
46 760
259 228
55 76
146 234
253 182
318 199
279 717
80 55
287 592
679 161
671 478
193 173
32 149
627 791
233 521
744 444
101 493
7 17
552 548
674 509
883 31
103 36
88 27
415 91
677 436
76 238
241 536
22 115
3 2
416 111
107 102
158 105
319 401
438 442
379 355
26 23
593 144
124 87
39 182
635 229
104 177
363 354
785 747
829 786
818 356
46 153
42 315
351 283
506 414
335 79
742 100
417 615
72 6
57 60
64 329
28 5
199 497
505 841
120 657
563 685
194 264
649 20
185 77
877 339
69 192
79 410
341 57
401 718
29 698
646 377
40 100
433 36
840 159
101 726
645 879
177 186
15 142
470 633
391 606
59 532
350 271
36 1
506 676
500 303
405 520
591 707
390 475
834 105
420 476
625 273
686 405
618 634
274 388
503 257
28 235
247 714
328 434
745 889
597 775
65 680
239 244
15 160
210 127
136 146
79 15
559 91
306 294
189 466
222 223
59 61
13 46
431 420
71 789
386 236
389 777
195 359
427 455
93 514
120 159
575 141
155 699
682 536
55 571
887 668
122 556
33 249
441 361
135 87
724 551
76 430
191 151
99 9
428 388
172 856
308 297
579 445
280 112
216 751
374 31
142 217
82 97
495 158
38 904
763 208
394 248
295 420
21 77
48 8
366 80
613 324
111 44
401 602
114 214
557 443
368 397
226 678
596 489
327 437
387 800
780 859
888 862
2 85
248 141
47 298
56 36
61 277
241 438
8 2
229 319
325 250
535 816
28 660
151 622
555 111
199 111
664 484
382 774
301 27
247 355
452 416
692 531
2 34
92 271
166 358
212 480
569 804
659 607
592 750
31 37
41 6
367 443
105 23
272 869
522 165
56 512
190 201
619 730
2 40
618 51
600 870
120 60
140 145
76 489
479 822
688 316
207 263
99 759
317 590
130 79
362 134
42 860
27 24
779 650
574 608
672 892
35 19
232 652
1 21
118 76
182 481
196 344
218 828
327 560
276 435
113 61
827 835
74 91
614 30
48 157
346 594
687 583
186 470
332 251
487 562
133 479
193 230
362 523
621 484
644 842
52 20
1 2
255 248
459 307
58 162
298 348
721 128
422 367
402 149
165 662
492 478
213 384
196 121
419 148
297 541
101 20
333 773
849 681
1 45
215 195
385 254
220 85
838 476
6 383
122 43
720 569
8 96
302 62
154 715
499 93
169 65
18 4
736 727
24 82
233 511
453 420
873 3
131 52
266 323
380 554
172 61
132 381
261 82
722 786
473 209
380 293
74 114
183 109
133 75
291 764
103 304
462 874
702 46
839 594
766 503
608 666
704 93
342 233
22 42
727 253
239 13
1 515
189 142
844 425
346 262
219 749
262 587
30 561
825 891
116 200
219 236
288 53
449 351
771 154
265 179
327 24
406 670
114 227
140 33
39 148
56 739
275 867
287 799
378 119
824 153
370 90
186 404
211 72
258 201
171 391
139 882
257 29
227 231
369 741
832 302
600 684
484 67
277 357
398 48
207 5
868 219
377 572
823 789
330 28
229 22
75 313
769 447
414 395
390 365
89 93
787 284
125 240
743 696
52 603
153 276
629 606
153 620
632 221
34 831
347 861
36 54
266 403
549 364
448 537
31 71
583 3
500 573
356 252
296 7
748 819
160 486
543 285
143 690
569 355
628 509
204 174
727 729
548 259
310 38
426 494
269 109
402 627
301 538
810 781
300 395
5 827
405 93
622 852
133 464
3 166
444 35
907 715
75 20
532 545
881 640
311 14
283 112
510 910
230 429
21 205
270 291
188 872
701 188
694 197
361 487
222 221
708 312
169 206
25 546
8 209
146 504
349 257
330 884
672 434
242 156
424 301
183 630
340 468
421 568
507 418
92 81
762 18
695 184
782 876
563 783
586 585
725 323
125 76
169 553
138 123
177 369
654 109
184 110
528 147
13 278
108 139
505 434
470 847
588 610
29 58
299 152
119 168
257 878
273 745
578 553
117 39
683 291
479 488
600 579
689 185
598 4
821 811
365 293
11 8
21 176
224 101
886 622
16 4
705 228
372 703
427 49
1 256
50 30
275 10
583 696
63 49
812 279
599 426
319 723
733 665
271 309
47 66
529 135
29 15
374 650
119 165
290 784
261 447
405 432
224 525
768 526
40 377
14 4
95 50
897 515
555 653
48 104
546 565
226 97
6 2
55 483
549 589
421 607
222 421
574 353
167 49
419 801
90 34
101 152
681 384
439 371
675 485
558 247
908 328
326 322
241 285
226 740
393 423
113 187
15 12
207 788
316 194
560 825
117 570
178 57
657 706
246 337
360 101
588 585
3 4
88 241
208 168
276 295
703 853
31 11
567 267
848 496
458 156
647 802
807 204
12 32
898 795
101 136
245 38
719 526
597 159
754 127
609 851
232 72
22 112
146 776
436 235
155 78
13 19
23 12
3 94
772 279
413 899
171 194
106 19
94 143
585 342
270 160
154 617
450 324
320 663
440 581
338 170
566 577
72 98
292 894
539 249
8 44
225 10
399 661
710 444
121 141
277 352
320 795
794 148
267 612
855 229
283 331
268 122
161 158
279 36
74 71
5 134
109 465
228 168
890 399
249 782
461 665
22 375
836 161
173 63
487 547
552 817
371 14
645 82
336 334
176 251
291 734
492 792
451 164
148 440
544 304
307 758
656 341
149 732
129 112
207 321
256 272
478 354
869 901
136 658
265 284
165 252
510 86
716 413
711 156
159 203
446 371
250 95
264 445
805 360
582 39
79 843
46 195
113 713
237 169
294 12
30 137
372 60
564 109
333 728
63 121
875 260
1 10
127 151
450 900
85 218
488 526
246 312
129 233
305 12
467 418
858 430
832 866
444 636
761 285
254 168
669 850
478 519
150 75
129 353
174 26
162 266
510 669
300 8
17 322
697 527
216 179
584 820
670 808
34 116
9 12
39 11
121 202
286 41
334 448
368 517
640 196
790 706
4 354
340 270
1 25
45 53
272 518
328 69
770 369
193 221
14 20
408 241
289 208
47 15
737 557
486 755
246 163
407 157
387 121
69 147
781 407
837 68
317 99
93 376
263 693
454 384
746 593
89 6
793 476
68 34
362 411
501 407
251 393
47 70
491 641
